TITLE: INJECTOR A
IDIM,
   3,
  IZON,IZFACE,  IBND,    ID, ISNGL,
     3,    12,     9,     3,     2,
   IZT,   JZT,   KZT, LPROC,  CBG1,  CBG2,  CBG3,  CBV1,  CBV2,  CBV3,
    81,    50,    25,     1,   0.0,   0.0,   0.0,   0.0,   0.0,   0.0,
    81,     5,    25,     2,   0.0,   0.0,   0.0,   0.0,   0.0,   0.0,
    81,     4,    25,     3,   0.0,   0.0,   0.0,   0.0,   0.0,   0.0,
 IFCYC,  IZB1,  IZF1, IJZ11, IJZ12, JKZ11, JKZ12,INONUF,
          IZB2,  IZF2, IJZ21, IJZ22, JKZ21, JKZ22,
     1,     1,     3,     1,    41,     1,    25,     0,
            2,     4,     1,    41,     1,    25,
     2,     1,     3,    41,    81,     1,    25,     0,
            2,     4,    41,    81,     1,    25,
     3,     2,     3,     1,    41,     1,    25,     0,
            3,     4,     1,    41,     1,    25,
     4,     2,     3,    41,    81,     1,    25,     0,
            3,     4,    41,    81,     1,    25,
    -1,     1,     5,     1,    41,     1,    35,     0,
            1,     6,     1,    41,     1,    35,
    -1,     1,     5,     1,    41,    35,    50,     0,
            1,     6,     1,    41,    35,    50,
    -1,     1,     5,    41,    81,     1,    35,     0,
            1,     6,    41,    81,     1,    35,
    -1,     1,     5,    41,    81,    35,    50,     0,
            1,     6,    41,    81,    35,    50,
    -1,     2,     5,     1,    41,     1,     5,     0,
            2,     6,     1,    41,     1,     5,
    -1,     2,     5,    41,    81,     1,     5,     0,
            2,     6,    41,    81,     1,     5,
    -1,     3,     5,     1,    41,     1,     4,     0,
            3,     6,     1,    41,     1,     4,
    -1,     3,     5,    41,    81,     1,     4,     0,
            3,     6,    41,    81,     1,     4,
IBCZON,  IDBC, ITYBC,  IJBB,  IJBS,  IJBT,  JKBS,  JKBT,
     1,     1,     2,    81,     1,    35,     1,    25,
     1,     1,     2,    81,    35,    50,     1,    25,
     2,     1,     2,    81,     1,     5,     1,    25,
     3,     1,     2,    81,     1,     4,     1,    25,
     1,     2,    -1,     1,     1,    35,     1,    25,
     1,     2,    -1,     1,    35,    50,     1,    25,
     3,     2,    -1,     1,     1,     4,     1,    25,
     1,     4,     3,     1,     1,    41,     1,    25,
     1,     4,     3,     1,    41,    81,     1,    25,
IWBZON,    L1,    L2,    M1,    M2,    N1,    N2,  IWTM, HQDOX, IWALL, DENNX, VISWX,
     2,     1,     1,     1,     5,     1,    25,     1,     0,     0,   1.0,   1.0,
     3,     1,    81,     4,     4,     1,    25,     1,     0,     0,   1.0,   1.0,
     3,     1,    81,     4,     4,     1,    25,     1,     0,     0,   1.0,   1.0,
ISNZON, ISNBC, ISNAX, ISNBS, ISNBT,
     1,     4,     1,     1,    41,
     1,     4,     1,    41,    81,
    IDATA,     IGEO,      ITT,    ITPNT,    ICOUP,    NLIMT,      IAX,     ICYC,
        1,        9,1.000E+05,      100,        1,        1,        1,        3,
      DTT,     IREC,      REC,    THETA,    BETAP,     IEXX,     PRAT,
1.000E-05,        0,     0.25,        1,        1,        1,        0,
      IPC,      JPC,     IPEX,     JPEX,      IMN,      JMN,
    50625,        1,    50705,        1,    50705,        1,
     VISC,       IG,    ITURB,      AMC,     GAMA,      CBE,      CBH,    EREXT,
1.837e-05,        2,        1,        1,    1.455,        0,        0,    1e-08,
     ISWU,     ISWP,     ISWK,    ISKEW,
       93,       97,       93,        0,
INSO(IEQ):
  U,  V,  W, TM, DK, DE, FL,  8, EQ, VS, FM, SP,
  1,  1,  1,  1,  1,  1,  1,  0,  0,  1,  1,  1,
  NGAS,NREACT, IUNIT,DENREF,  UREF,  TREF,  XREF,  PREF,
     2,     0,     1,1.1550E+00,69.593,   300, 0.001,100000.0,
ISPARK,ISPKMIN,ISPMAX,
ISPKON,ISPKZN,ISPKI1,ISPKIM,ISPKJ1,ISPKJM,ISPKK1,ISPKKM, TMSPK,ISPKDBG,
IGDINN,IOFINN,IOFOUT,IOFP3D,
     1,     1,     1,     1,
H2O                                                                   18.00000
 2.63406500E+00 3.11219000E-03-9.02784600E-07 1.26730500E-10-6.91647300E-15
-2.98762600E+04 7.08238700E+00 4.16755600E+00-1.81068700E-03 5.94508700E-06
-4.86708700E-09 1.52841400E-12-3.02895500E+04-7.30880000E-01
AIR                                                                   28.84000
 3.01266400E+00 1.42294000E-03-5.38824800E-07 9.74713800E-11-6.66859400E-15
-9.54704500E+02 5.82399800E+00 3.72107000E+00-1.75818800E-03 4.35430900E-06
-3.01225300E-09 6.82644100E-13-1.06402300E+03 2.52930900E+00
FLUID
c Species(a20) , ideal gas(=0), real fluid(=1)
H2O                     1
AIR                     0
DONE                    0
